12910	10115	13.387223860255	52.5337069545604	Berlin
12911	10117	13.3901933840594	52.518745648599	Berlin
12912	10119	13.4071489783586	52.5326657646216	Berlin
12913	10178	13.4122033308763	52.5234743092278	Berlin
12914	10179	13.4196989324626	52.5145909366732	Berlin
12915	10243	13.441955897094	52.5149175142057	Berlin
12916	10245	13.4666745683003	52.5031273050411	Berlin
12917	10247	13.4680419058628	52.5184110970565	Berlin
12918	10249	13.4446109366815	52.5260516533921	Berlin
12919	10315	13.5180351693644	52.5110313044758	Berlin
12920	10317	13.4918839223831	52.4992463209894	Berlin
12921	10318	13.5319785815516	52.4859406529291	Berlin
12922	10319	13.521117804593	52.5015461261736	Berlin
12923	10365	13.5025751842374	52.5235035330047	Berlin
12924	10367	13.4833221986446	52.5244522726978	Berlin
12925	10369	13.4725178111811	52.5317005904026	Berlin
12926	10405	13.4267880784802	52.5368169582257	Berlin
12927	10407	13.4498736162666	52.535524401385	Berlin
12928	10409	13.4432411934032	52.5456113489031	Berlin
12929	10435	13.4133942261249	52.5394981804891	Berlin
12930	10437	13.4152318322189	52.5468914296257	Berlin
12931	10439	13.4148230973378	52.5544478879925	Berlin
12932	10551	13.3389655683318	52.5326967400819	Berlin
12933	10553	13.3236845323834	52.5322795508294	Berlin
12934	10555	13.3378843627346	52.5239104697248	Berlin
12935	10557	13.3615741646083	52.5252332996821	Berlin
12936	10559	13.3522191245315	52.5324813297304	Berlin
12937	10585	13.3076699591771	52.5165313568177	Berlin
12938	10587	13.323002850878	52.5199655352473	Berlin
12939	10589	13.3084940352002	52.5293987837623	Berlin
12940	10623	13.3296072858482	52.5097675893044	Berlin
12941	10625	13.3178387932193	52.5105620578802	Berlin
12942	10627	13.3056479944576	52.5100925652213	Berlin
12943	10629	13.3107476938185	52.5044737398752	Berlin
12944	10707	13.3170093030047	52.4983050289072	Berlin
12945	10709	13.306142603276	52.4954485316766	Berlin
12946	10711	13.2943845406852	52.499380709168	Berlin
12947	10713	13.3161107580713	52.4869762041054	Berlin
12948	10715	13.3316870937737	52.4844027617855	Berlin
12949	10717	13.3305003816797	52.4926932578024	Berlin
12950	10719	13.3276744310593	52.5003181055802	Berlin
12951	10777	13.3451852142708	52.499980342922	Berlin
12952	10779	13.3427330390818	52.4946054529659	Berlin
12953	10781	13.3558006569262	52.4951423148389	Berlin
12954	10783	13.3653339673952	52.4986555479497	Berlin
12955	10785	13.3665879428981	52.5099849607846	Berlin
12956	10787	13.3462538795073	52.5096066309895	Berlin
12957	10789	13.3394717112393	52.5039793544826	Berlin
12958	10823	13.3559851567001	52.4893548491328	Berlin
12959	10825	13.3443341278918	52.4855207111381	Berlin
12960	10827	13.3559927861899	52.4843186813605	Berlin
12961	10829	13.3642879770327	52.4817524353199	Berlin
12962	10961	13.4004793776075	52.4952626002665	Berlin
12963	10963	13.3826867450857	52.4979614983904	Berlin
12964	10965	13.4091096524196	52.4870195291943	Berlin
12965	10967	13.4183706052184	52.4939054520842	Berlin
12966	10969	13.404576744008	52.5045966317146	Berlin
12967	10997	13.4385816383592	52.5033140068311	Berlin
12968	10999	13.4307897835171	52.4988904600018	Berlin
12969	12043	13.4420275913886	52.4820632906188	Berlin
12970	12045	13.4414653455142	52.487989472715	Berlin
12971	12047	13.4310089106011	52.4929987346046	Berlin
12972	12049	13.4242261222021	52.4799117754227	Berlin
12973	12051	13.4327065282941	52.4699937447169	Berlin
12974	12053	13.4347529869337	52.4803905957987	Berlin
12975	12055	13.4515681157336	52.4752216863972	Berlin
12976	12057	13.4652871310638	52.4711951903196	Berlin
12977	12059	13.4537084735947	52.4844747077379	Berlin
12978	12099	13.405508170112	52.4618263208458	Berlin
12979	12101	13.394751159498	52.4776963253956	Berlin
12980	12103	13.3752062205834	52.4648685781299	Berlin
12981	12105	13.3765894059507	52.4514754565422	Berlin
12982	12107	13.3922647383568	52.4348835778104	Berlin
12983	12109	13.4034173372607	52.4488382457536	Berlin
12984	12157	13.3513289658818	52.467615807441	Berlin
12985	12159	13.3399939788589	52.4759641807104	Berlin
12986	12161	13.3295132501498	52.4721897491969	Berlin
12987	12163	13.3202781398441	52.4644422486276	Berlin
12988	12165	13.317369813824	52.4576665391264	Berlin
12989	12167	13.3370593699206	52.4506713776368	Berlin
12990	12169	13.3463381712839	52.4568899427746	Berlin
12991	12203	13.3129878055449	52.446403630872	Berlin
12992	12205	13.2982488987369	52.435097309909	Berlin
12993	12207	13.3163617750996	52.421792221188	Berlin
12994	12209	13.3323603731155	52.4193169718975	Berlin
12995	12247	13.3494467986603	52.4414395140715	Berlin
12996	12249	13.3545342084671	52.4285081522747	Berlin
12997	12277	13.3780446934416	52.4135445634688	Berlin
12998	12279	13.3559924384162	52.4131558920874	Berlin
12999	12305	13.4051078658903	52.4075610706165	Berlin
13000	12307	13.3993520883087	52.3889700399218	Berlin
13001	12309	13.4207145219275	52.3933299269535	Berlin
13002	12347	13.4335618050316	52.4545967334104	Berlin
13003	12349	13.4246197487488	52.4278732513536	Berlin
13004	12351	13.4576118031613	52.4360672486559	Berlin
13005	12353	13.4622880385421	52.4254514979954	Berlin
13006	12355	13.5003457759319	52.4125054989062	Berlin
13007	12357	13.4965721454986	52.430678436815	Berlin
13008	12359	13.4560863240667	52.4498790377267	Berlin
13009	12435	13.4695807779128	52.4892696010755	Berlin
13010	12437	13.4852021234671	52.4644355159079	Berlin
13011	12439	13.5287000663812	52.4553692654092	Berlin
13012	12459	13.5338823608518	52.4674428562031	Berlin
13013	12487	13.5123030299836	52.4437609777381	Berlin
13014	12489	13.5505086869178	52.4387454534349	Berlin
13015	12524	13.5439956936132	52.415364387871	Berlin
13016	12526	13.5683342065542	52.4003510832493	Berlin
13017	12527	13.6472864562236	52.3904985836759	Berlin
13018	12555	13.5839929098869	52.4665109236445	Berlin
13019	12557	13.5898029905167	52.4334076690432	Berlin
13020	12559	13.6610627350305	52.4184984729217	Berlin
13021	12587	13.6392862079954	52.4612192604603	Berlin
13022	12589	13.7086736438618	52.4467771869799	Berlin
13023	12619	13.5921010689776	52.5263880577382	Berlin
13024	12621	13.5913950913841	52.5051522638564	Berlin
13025	12623	13.6204141711191	52.5051014186679	Berlin
13026	12627	13.6176376411181	52.5393614922753	Berlin
13027	12629	13.5941279201636	52.5441203468715	Berlin
13028	12679	13.568049993488	52.5508667666053	Berlin
13029	12681	13.5398499484887	52.5392572203694	Berlin
13030	12683	13.5634261799858	52.5102952601468	Berlin
13031	12685	13.5677457680633	52.5415487672102	Berlin
13032	12687	13.5660576222808	52.5577981791934	Berlin
13033	12689	13.5724384230776	52.5680178485138	Berlin
13034	13051	13.4977831222371	52.5796428958308	Berlin
13035	13053	13.5080369182889	52.551670058109	Berlin
13036	13055	13.501001376208	52.5417057639188	Berlin
13037	13057	13.5445963813574	52.5742412452123	Berlin
13038	13059	13.5250476692832	52.5829575814688	Berlin
13039	13086	13.450440951468	52.5570222649255	Berlin
13040	13088	13.4732794092776	52.5621199431689	Berlin
13041	13089	13.4433019480544	52.5729887447053	Berlin
13042	13125	13.4848450722345	52.6324937181686	Berlin
13043	13127	13.4374029276763	52.6168116526419	Berlin
13044	13129	13.4614442021843	52.5936142515949	Berlin
13045	13156	13.403043816146	52.5847564086279	Berlin
13046	13158	13.3847560561751	52.5950262753029	Berlin
13047	13159	13.4041492446388	52.6273525672027	Berlin
13048	13187	13.411385061125	52.5713464019623	Berlin
13049	13189	13.4239896080658	52.5654491836665	Berlin
13050	13347	13.36824632201	52.5502581143634	Berlin
13051	13349	13.3510416711152	52.5599776197015	Berlin
13052	13351	13.3358220609056	52.5523561805678	Berlin
13053	13353	13.3521576695883	52.5429038646217	Berlin
13054	13355	13.3929324255526	52.5443614902536	Berlin
13055	13357	13.3838173801168	52.5525768798017	Berlin
13056	13359	13.3876310000699	52.5623515502214	Berlin
13057	13403	13.324621449436	52.5758000420115	Berlin
13058	13405	13.3003297773036	52.5606637013871	Berlin
13059	13407	13.3539718058248	52.5749013715726	Berlin
13060	13409	13.3740502441446	52.5704325644934	Berlin
13061	13435	13.3462947087821	52.604537487811	Berlin
13062	13437	13.3313128005558	52.5918836351775	Berlin
13063	13439	13.3608568915293	52.5998197875082	Berlin
13064	13465	13.2918233417028	52.6422151125516	Berlin
13065	13467	13.3095440935657	52.6192318622295	Berlin
13066	13469	13.3447390968519	52.6140433160788	Berlin
13067	13503	13.2507286251541	52.6142685472452	Berlin
13068	13505	13.243794162527	52.5866691236435	Berlin
13069	13507	13.2771755272941	52.57760317075	Berlin
13070	13509	13.3021583893308	52.5914792966052	Berlin
13071	13581	13.182873379052	52.5326248381604	Berlin
13072	13583	13.1849402417922	52.5449869139517	Berlin
13073	13585	13.2082410806722	52.5499595884426	Berlin
13074	13587	13.1886385147409	52.5787168178627	Berlin
13075	13589	13.1716155572309	52.5593457281758	Berlin
13076	13591	13.1431255431994	52.5369738590092	Berlin
13077	13593	13.1689320395639	52.514420410581	Berlin
13079	13595	13.1997959233568	52.513140949933	Berlin
13080	13597	13.2195000409579	52.5307055743027	Berlin
13081	13599	13.2379817564183	52.5497910721393	Berlin
13082	13627	13.3038196651304	52.5415745051549	Berlin
13083	13629	13.271127521969	52.5442205779539	Berlin
13078	14050	13.2708888735398	52.5231773248051	Berlin
13084	14052	13.2577967119814	52.5177716347351	Berlin
13085	14053	13.236259872352	52.5193364704831	Berlin
13086	14055	13.2482336543322	52.5041594850209	Berlin
13087	14057	13.2898230938842	52.5073630270276	Berlin
13088	14059	13.2916103422924	52.5220217506446	Berlin
13089	14089	13.1536450353871	52.4715702844308	Berlin
13090	14109	13.1473530234215	52.4213054478161	Berlin
13091	14129	13.1961555645845	52.4397012376639	Berlin
13092	14163	13.2419011063964	52.4394706957669	Berlin
13093	14165	13.2569406588995	52.4196512095982	Berlin
13094	14167	13.2796062383123	52.4232104487911	Berlin
13095	14169	13.2658745634796	52.446430304251	Berlin
13096	14193	13.232887580692	52.4763424603794	Berlin
13097	14195	13.2869441360215	52.4593174332029	Berlin
13098	14197	13.3146786143367	52.4750092609528	Berlin
13099	14199	13.2981082081636	52.4791974690517	Berlin
